-0.004219804235
-0.0006592911035
-0.004317050859
0.0003700543491
-0.004007730956
0.0002513503613
-0.003990801261
0.0005619516369
-0.003328269252
0.0008173625205
-0.003702878819
0.0001417175218
-0.006224087206
-0.0006877033133
-0.006481725889
-8.30E-05
-0.006055731801
-8.95E-05
-0.005924264723
-0.0001120674595
-0.006172418012
-8.38E-05
-0.005955167999
-9.69E-05
-0.005103980455
-0.0006705100011
-0.005482697478
-0.0001525608103
-0.005150953424
0.0002079560968
-0.003953012049
-0.0002246036295
-0.005125077637
8.54E-05
-0.004805010485
-0.0001023040517
-0.004996699102872185
-0.00060873026710491
-0.0058966029387206124
-0.00029780196990158894
-0.004644744586978415
0.0002830818510589847
-0.004481335115410494
0.00042253316099272626
-0.004991652535123033
0.0005742751091477891
-0.005816385809556166
9.362941841621049e-05
-0.005318090777863711
-0.0008210463212897631
-0.00586362229476092
0.00012593003665833675
-0.005768704668778457
-0.000876238715110353
-0.005952790897495991
9.80565972327284e-05
-0.00515949307362214
0.0007577509043484346
-0.005559100011970965
-0.0006436821204070841